12 3
0 5 1 0 7 1 0 8 1 1 6 1 1 7 -1 1 11 1 2 6 -1 2 8 1 2 10 -1 3 7 1 3 9 1 3 10 -1 4 8 1 4 9 1 4 11 -1 5 10 1 5 11 1 6 9 1
2 1 -1 -1 -1 -2 2 1 1 -2 -1 -1
8 4
0 3 1 0 4 1 0 5 1 0 6 1 1 3 1 1 5 1 1 6 1 1 7 1 2 4 1 2 5 -1 2 6 1 2 7 1 3 4 1 3 6 1 4 7 -1 5 7 1
1 -1 1 -1 1 1 -1 1
10 4
0 4 1 0 5 1 0 6 1 0 7 1 1 5 1 1 6 1 1 8 1 1 9 1 2 5 1 2 7 1 2 8 -1 2 9 1 3 6 1 3 7 1 3 8 1 3 9 1 4 6 1 4 7 -1 4 8 1 5 9 1
1 1 -1 -1 -1 1 -1 1 1 -1
12 4
0 5 1 0 6 1 0 7 1 0 8 1 1 6 1 1 7 1 1 8 1 1 9 1 2 6 1 2 7 -1 2 8 1 2 11 1 3 7 1 3 9 1 3 10 1 3 11 1 4 8 1 4 9 -1 4 10 1 4 11 1 5 9 1 5 10 1 5 11 1 6 10 1
1 -1 1 1 -1 -1 1 1 -1 -1 -1 1
14 4
0 6 1 0 7 1 0 9 1 0 11 1 1 6 1 1 8 1 1 12 1 1 13 1 2 7 1 2 8 1 2 9 1 2 10 1 3 7 1 3 9 1 3 10 1 3 12 1 4 8 1 4 11 1 4 12 1 4 13 1 5 10 1 5 11 1 5 12 1 5 13 -1 6 10 1 6 11 1 7 9 1 8 13 1
1 4 2 -4 -3 3 -1 1 2 1 -4 -1 2 -3
10 5
0 4 1 0 5 1 0 6 1 0 7 1 0 8 1 1 4 1 1 6 -1 1 7 -1 1 8 -1 1 9 1 2 5 1 2 6 1 2 7 -1 2 8 1 2 9 1 3 5 1 3 6 -1 3 7 1 3 8 1 3 9 1 4 5 1 4 7 1 4 8 -1 5 9 1 6 9 1
2 1 1 -1 1 1 -2 -2 2 -3
12 5
0 5 1 0 6 1 0 7 1 0 10 1 0 11 1 1 6 1 1 7 1 1 8 1 1 9 1 1 10 -1 2 6 1 2 7 1 2 8 1 2 9 1 2 11 1 3 6 1 3 8 1 3 9 -1 3 10 -1 3 11 1 4 7 1 4 8 -1 4 9 1 4 10 -1 4 11 1 5 8 1 5 9 1 5 10 1 5 11 -1 6 7 -1
2 6 2 -6 -6 -8 4 4 -3 -3 2 -2
14 5
0 1 1 0 2 1 0 3 1 0 4 1 0 5 -1 1 2 1 1 3 1 1 4 1 1 12 -1 2 3 -1 2 5 1 2 6 1 3 5 1 3 7 1 4 7 -1 4 8 1 4 9 1 5 8 1 5 10 1 6 9 1 6 10 1 6 11 1 6 13 -1 7 9 1 7 11 1 7 12 1 8 9 -1 8 10 1 8 13 1 9 13 1 10 11 -1 10 12 1 11 12 1 11 13 1 12 13 1
2 1 6 -2 -4 1 -6 2 -4 3 2 -7 2 4
16 5
0 7 1 0 8 1 0 9 -1 0 14 1 0 15 1 1 8 1 1 9 1 1 10 1 1 11 1 1 12 1 2 8 1 2 9 1 2 10 1 2 12 1 2 13 1 3 8 1 3 9 1 3 11 1 3 12 1 3 13 1 4 9 1 4 10 1 4 11 1 4 14 1 4 15 1 5 10 -1 5 12 1 5 13 1 5 14 1 5 15 1 6 11 1 6 12 1 6 13 1 6 14 -1 6 15 1 7 10 1 7 11 1 7 13 1 7 15 1 8 14 1
1 -2 1 1 1 -2 2 -2 2 1 -1 -1 -1 -1 -1 2
18 5
0 1 1 0 2 1 0 3 1 0 5 -1 0 7 -1 1 2 1 1 3 1 1 7 -1 1 15 -1 2 4 1 2 10 -1 2 13 -1 3 5 1 3 8 -1 3 17 -1 4 6 1 4 7 1 4 8 -1 4 10 -1 5 8 1 5 9 1 5 11 -1 6 8 1 6 10 1 6 16 -1 6 17 -1 7 11 1 7 12 1 8 11 1 9 12 -1 9 13 1 9 14 1 9 16 -1 10 11 1 10 15 1 11 14 -1 12 15 -1 12 16 1 12 17 1 13 14 -1 13 15 1 13 16 1 14 15 1 14 17 1 16 17 1
1 5 -9 -5 3 -7 8 -2 -6 9 3 -3 6 6 2 -11 -5 5
12 6
0 1 1 0 2 1 0 3 1 0 4 1 0 7 -1 0 10 -1 1 2 1 1 3 1 1 4 1 1 6 -1 1 11 -1 2 3 -1 2 5 1 2 6 1 2 7 -1 3 5 1 3 7 1 3 9 -1 4 5 1 4 6 -1 4 8 1 4 10 -1 5 8 -1 5 9 1 5 11 -1 6 7 1 6 8 1 6 10 1 7 9 1 7 11 1 8 9 -1 8 10 1 8 11 1 9 10 1 9 11 1 10 11 1
5 -1 1 1 -3 -3 1 1 -3 1 -3 3
13 6
0 6 1 0 7 1 0 8 1 0 9 1 0 10 1 0 11 1 1 6 1 1 7 1 1 9 1 1 10 -1 1 11 1 1 12 -1 2 6 1 2 8 1 2 9 -1 2 10 1 2 11 1 2 12 -1 3 7 1 3 8 -1 3 9 1 3 10 1 3 11 1 3 12 1 4 7 -1 4 8 1 4 9 1 4 10 1 4 11 1 4 12 1 5 7 1 5 8 1 5 9 -1 5 10 -1 5 11 1 5 12 1 6 7 1 6 8 1 6 12 1
8 -4 -4 -2 -2 4 -8 2 2 1 1 2 -4
14 6
0 1 1 0 2 1 0 3 1 0 4 1 0 8 -1 0 12 -1 1 2 1 1 3 1 1 4 -1 1 5 1 1 6 -1 2 4 1 2 6 1 2 7 -1 2 13 -1 3 7 1 3 8 1 3 9 -1 3 11 -1 4 7 1 4 8 1 4 10 -1 5 6 -1 5 7 1 5 9 1 5 10 1 5 12 -1 6 9 1 6 11 1 6 12 1 7 8 -1 7 10 1 8 11 1 8 13 1 9 11 1 9 12 1 9 13 -1 10 11 -1 10 12 1 10 13 1 11 13 1 12 13 1
3 -4 7 -11 6 3 -4 -5 -1 -4 8 -3 -1 6
15 6
0 5 1 0 6 1 0 9 1 0 11 1 0 12 1 0 13 1 1 6 1 1 7 1 1 8 1 1 9 1 1 10 1 1 11 1 2 7 1 2 8 1 2 10 1 2 11 -1 2 12 1 2 14 1 3 7 1 3 8 1 3 11 1 3 12 1 3 13 1 3 14 1 4 9 1 4 10 1 4 11 1 4 12 1 4 13 1 4 14 1 5 8 1 5 9 1 5 10 1 5 13 1 5 14 1 6 9 1 6 10 1 6 11 1 6 12 1 7 12 1 7 13 1 7 14 1 8 13 1 8 14 1 9 10 1
1 -2 1 1 -1 1 2 -4 2 -1 -1 2 1 -5 4
16 6
0 1 1 0 2 1 0 3 1 0 4 1 0 5 1 0 6 -1 1 2 1 1 3 1 1 4 1 1 5 1 1 15 -1 2 3 1 2 6 1 2 7 1 2 12 -1 3 6 1 3 7 -1 3 8 1 4 7 1 4 9 1 4 10 1 4 11 -1 5 9 1 5 10 -1 5 11 1 5 12 1 6 11 1 6 13 1 6 14 1 7 11 1 7 12 1 7 13 1 8 9 -1 8 10 1 8 11 1 8 12 1 8 14 1 9 13 1 9 14 1 9 15 1 10 11 1 10 13 1 10 15 1 12 14 1 12 15 1 13 14 -1 13 15 1 14 15 1
15 -13 19 7 -17 -5 -9 11 -1 -13 -13 -13 11 7 -5 19
17 6
0 6 1 0 9 1 0 10 1 0 11 1 0 12 1 0 13 -1 1 7 1 1 8 1 1 10 1 1 12 1 1 15 1 1 16 1 2 7 1 2 10 1 2 11 1 2 12 1 2 13 1 2 14 1 3 8 1 3 9 1 3 11 1 3 12 1 3 14 1 3 16 1 4 8 1 4 11 1 4 13 1 4 14 1 4 15 1 4 16 1 5 9 1 5 10 1 5 13 1 5 14 1 5 15 1 5 16 1 6 9 1 6 11 1 6 13 1 6 15 1 6 16 1 7 8 1 7 10 1 7 14 1 7 15 1 8 13 1 8 14 1 9 12 1 9 16 1 10 12 1 11 15 1
2 -1 -1 -1 -3 -1 4 3 3 2 -1 -2 -2 1 1 -1 -2
18 6
0 8 1 0 9 1 0 10 1 0 14 1 0 15 1 0 16 1 1 8 1 1 9 1 1 10 1 1 15 1 1 16 1 1 17 1 2 8 1 2 9 1 2 11 1 2 12 1 2 15 1 2 17 1 3 9 -1 3 11 1 3 13 1 3 14 1 3 16 1 3 17 1 4 10 1 4 11 1 4 12 1 4 13 1 4 14 1 4 15 1 5 10 1 5 12 1 5 13 1 5 15 1 5 16 1 5 17 1 6 10 1 6 13 1 6 14 1 6 15 1 6 16 1 6 17 1 7 11 1 7 12 1 7 13 1 7 14 1 7 16 1 7 17 1 8 11 1 8 12 1 8 13 1 9 11 1 9 12 1 10 14 1
1 -1 1 1 -1 1 -1 -1 1 -1 1 -1 1 -1 1 -1 -1 1
19 6
0 8 1 0 10 1 0 11 1 0 12 1 0 13 1 0 14 1 1 8 1 1 10 1 1 11 1 1 13 1 1 14 -1 1 17 1 2 9 1 2 11 1 2 15 1 2 16 1 2 17 1 2 18 1 3 9 1 3 12 1 3 14 1 3 16 1 3 17 1 3 18 1 4 10 1 4 12 1 4 13 1 4 14 1 4 15 1 4 16 1 5 10 1 5 12 1 5 13 1 5 15 1 5 17 1 5 18 1 6 10 1 6 12 1 6 14 1 6 15 1 6 16 1 6 18 1 7 11 1 7 12 1 7 13 1 7 15 1 7 17 1 7 18 1 8 11 1 8 15 1 8 16 1 8 17 -1 9 13 1 9 14 1 9 16 1 9 18 1 10 11 1
5 -3 3 3 -3 10 -7 -8 5 -1 -2 -2 1 -3 1 4 -1 3 -3
12 7
0 3 1 0 4 1 0 6 1 0 7 1 0 8 1 0 9 1 0 11 1 1 3 1 1 5 1 1 6 1 1 7 1 1 8 1 1 10 1 1 11 1 2 4 1 2 5 1 2 6 -1 2 7 1 2 9 1 2 10 1 2 11 1 3 6 1 3 7 1 3 8 1 3 9 1 3 10 -1 4 6 1 4 8 1 4 9 1 4 10 1 4 11 1 5 7 1 5 8 1 5 9 1 5 10 1 5 11 1 6 9 1 6 11 1 7 9 1 7 10 1 8 10 1 8 11 1
2 -1 -1 1 1 -2 -2 1 3 -1 2 -3
14 7
0 5 1 0 6 1 0 7 1 0 8 1 0 10 1 0 11 1 0 12 1 1 6 1 1 7 1 1 8 1 1 9 1 1 10 1 1 11 1 1 13 1 2 6 1 2 7 1 2 9 1 2 10 1 2 11 -1 2 12 1 2 13 1 3 6 1 3 8 1 3 9 1 3 10 1 3 11 1 3 12 1 3 13 1 4 7 1 4 8 1 4 9 1 4 10 1 4 11 1 4 12 1 4 13 1 5 7 1 5 8 1 5 9 1 5 10 1 5 11 1 5 12 1 6 11 1 6 12 1 6 13 1 7 9 1 7 13 1 8 12 1 8 13 1 9 10 1
1 7 -1 1 -10 3 -3 -3 9 -1 3 -6 -3 1
16 7
0 6 1 0 7 1 0 9 1 0 10 1 0 11 1 0 14 1 0 15 1 1 6 1 1 8 -1 1 10 1 1 12 1 1 13 1 1 14 1 1 15 1 2 7 1 2 8 1 2 9 1 2 11 1 2 12 1 2 13 1 2 14 1 3 7 1 3 8 1 3 10 1 3 11 1 3 12 1 3 13 1 3 15 1 4 7 1 4 9 1 4 10 1 4 12 1 4 13 1 4 14 1 4 15 1 5 8 1 5 9 1 5 10 1 5 12 1 5 13 1 5 14 1 5 15 1 6 9 1 6 11 1 6 12 1 6 13 1 6 15 1 7 8 1 7 11 1 7 12 1 8 11 1 8 14 1 9 11 1 9 13 1 10 14 1 10 15 1
4 -10 -8 -14 -1 21 9 3 3 3 -9 -6 22 -19 -6 6
18 7
0 7 -1 0 8 1 0 11 1 0 12 1 0 13 1 0 14 1 0 15 1 1 8 1 1 9 1 1 10 1 1 12 1 1 14 1 1 16 1 1 17 1 2 9 1 2 10 1 2 11 1 2 13 1 2 14 1 2 15 1 2 17 1 3 9 1 3 10 1 3 12 1 3 13 1 3 14 1 3 15 1 3 16 1 4 9 1 4 10 -1 4 12 1 4 13 1 4 15 1 4 16 1 4 17 1 5 9 1 5 11 1 5 12 1 5 14 1 5 15 1 5 16 1 5 17 1 6 10 1 6 11 1 6 12 1 6 14 1 6 15 1 6 16 1 6 17 1 7 8 1 7 11 1 7 13 1 7 14 1 7 16 1 7 17 1 8 11 1 8 13 1 8 15 1 8 17 1 9 11 1 9 12 1 10 13 1 10 16 1
2 -3 1 -3 4 -7 8 2 -5 -1 -1 2 6 4 3 -8 -3 1
20 7
0 9 1 0 10 1 0 11 1 0 12 1 0 13 1 0 14 1 0 15 -1 1 9 1 1 10 1 1 11 1 1 13 1 1 16 1 1 17 1 1 18 1 2 10 1 2 12 1 2 13 1 2 14 1 2 15 1 2 17 1 2 19 1 3 10 1 3 14 1 3 15 1 3 16 -1 3 17 1 3 18 1 3 19 1 4 11 1 4 12 1 4 13 1 4 14 1 4 15 1 4 16 1 4 17 1 5 11 1 5 12 1 5 13 1 5 14 1 5 16 1 5 17 1 5 19 1 6 11 1 6 14 1 6 15 1 6 16 1 6 17 1 6 18 1 6 19 1 7 12 1 7 13 1 7 14 1 7 15 1 7 16 1 7 18 1 7 19 1 8 12 1 8 13 1 8 15 1 8 16 1 8 17 1 8 18 1 8 19 1 9 10 1 9 11 1 9 12 1 9 18 1 9 19 1 10 11 1 10 18 1
3 -1 4 -3 -2 -4 4 -2 2 -1 1 -3 1 -2 2 -2 2 2 1 -2
22 7
0 10 -1 0 11 1 0 12 1 0 13 1 0 16 1 0 18 1 0 20 1 1 11 1 1 12 1 1 13 1 1 14 1 1 15 1 1 16 1 1 17 1 2 11 1 2 12 1 2 13 1 2 14 1 2 16 1 2 18 1 2 19 1 3 11 1 3 12 1 3 15 1 3 16 1 3 17 1 3 18 1 3 19 1 4 11 1 4 13 1 4 16 1 4 17 1 4 19 1 4 20 1 4 21 1 5 11 1 5 15 1 5 17 1 5 18 1 5 19 1 5 20 1 5 21 1 6 12 1 6 13 1 6 14 1 6 15 1 6 17 1 6 19 1 6 20 1 7 12 1 7 13 1 7 14 1 7 15 1 7 18 1 7 19 1 7 21 1 8 12 1 8 14 1 8 15 1 8 16 1 8 18 1 8 20 1 8 21 1 9 13 1 9 14 1 9 15 1 9 17 1 9 18 1 9 20 1 9 21 1 10 14 1 10 16 1 10 17 1 10 19 1 10 20 1 10 21 1 11 21 -1
5 8 -1 -7 -5 10 -4 3 -4 -6 4 2 19 -6 1 -19 -11 14 2 -7 -2 10
12 8
0 3 -1 0 4 1 0 5 1 0 6 1 0 7 1 0 8 1 0 10 1 0 11 1 1 3 1 1 5 -1 1 6 1 1 7 1 1 8 1 1 9 1 1 10 1 1 11 1 2 4 1 2 5 1 2 6 1 2 7 1 2 8 1 2 9 1 2 10 1 2 11 1 3 6 1 3 7 1 3 8 1 3 9 1 3 10 1 3 11 1 4 6 1 4 7 1 4 8 1 4 9 1 4 10 1 4 11 1 5 7 1 5 8 1 5 9 1 5 10 1 5 11 1 6 9 1 6 10 1 6 11 1 7 9 1 7 10 1 8 9 1 8 11 1
1 1 -1 -1 1 -1 -1 1 1 1 -1 -1
14 8
0 5 1 0 6 -1 0 7 1 0 8 1 0 9 1 0 10 1 0 12 1 0 13 1 1 5 1 1 6 1 1 7 1 1 9 1 1 10 1 1 11 1 1 12 1 1 13 1 2 5 1 2 6 1 2 8 1 2 9 1 2 10 1 2 11 1 2 12 1 2 13 1 3 5 1 3 7 1 3 8 1 3 9 1 3 10 1 3 11 1 3 12 1 3 13 1 4 6 -1 4 7 1 4 8 1 4 9 1 4 10 1 4 11 1 4 12 1 4 13 1 5 8 1 5 9 1 5 10 1 5 11 1 6 8 1 6 10 1 6 11 1 6 12 1 7 9 1 7 11 1 7 12 1 7 13 1 8 11 1 8 13 1 9 13 1 10 12 1
1 -1 -1 3 -3 -1 1 1 1 -1 -1 -1 1 1
15 8
0 5 1 0 7 1 0 8 1 0 9 1 0 10 1 0 11 1 0 12 1 0 14 1 1 6 1 1 7 1 1 8 1 1 9 1 1 10 1 1 11 1 1 12 1 1 13 1 2 6 1 2 7 1 2 9 1 2 10 1 2 11 1 2 12 1 2 13 1 2 14 1 3 6 1 3 8 1 3 9 1 3 10 1 3 11 1 3 12 1 3 13 1 3 14 1 4 7 1 4 8 1 4 9 1 4 10 1 4 11 1 4 12 1 4 13 -1 4 14 1 5 8 1 5 9 1 5 10 1 5 11 1 5 12 1 5 13 1 5 14 1 6 7 1 6 8 1 6 12 1 6 13 1 6 14 1 7 12 1 7 13 1 7 14 1 8 13 1 8 14 1 9 10 1 9 11 1 10 11 1
1 -3 -2 6 -2 2 1 -3 -3 -1 -1 -1 10 -2 -3
16 8
0 6 -1 0 7 1 0 9 1 0 10 1 0 11 1 0 12 1 0 13 1 0 14 1 1 7 1 1 8 1 1 9 1 1 10 1 1 11 1 1 12 1 1 14 1 1 15 1 2 7 1 2 8 1 2 9 1 2 10 1 2 11 1 2 13 1 2 14 1 2 15 1 3 7 1 3 8 1 3 10 1 3 11 1 3 12 1 3 13 1 3 14 1 3 15 -1 4 7 1 4 9 1 4 10 1 4 11 1 4 12 1 4 13 1 4 14 1 4 15 1 5 8 1 5 9 1 5 10 1 5 11 1 5 12 1 5 13 1 5 14 1 5 15 1 6 8 1 6 9 1 6 10 1 6 11 1 6 12 1 6 13 1 6 14 1 7 12 1 7 13 1 7 15 1 8 13 1 8 14 1 8 15 1 9 12 1 9 15 1 10 11 1
1 -1 1 -1 3 -3 1 -1 -1 1 -1 -1 -1 -1 5 -1
17 8
0 6 1 0 7 1 0 8 1 0 10 1 0 11 1 0 14 1 0 15 1 0 16 1 1 6 1 1 9 1 1 10 1 1 12 1 1 13 1 1 14 1 1 15 1 1 16 1 2 7 1 2 8 1 2 10 1 2 11 1 2 12 1 2 13 1 2 15 -1 2 16 1 3 7 1 3 9 1 3 10 1 3 11 1 3 12 1 3 13 1 3 14 1 3 15 1 4 8 1 4 9 1 4 10 1 4 11 1 4 12 1 4 14 1 4 15 1 4 16 1 5 8 1 5 9 1 5 10 1 5 12 1 5 13 1 5 14 1 5 15 1 5 16 1 6 7 1 6 9 1 6 11 1 6 13 1 6 14 1 6 16 1 7 8 1 7 11 1 7 12 1 7 13 1 8 11 1 8 13 1 8 14 1 9 12 1 9 13 1 9 15 1 10 15 1 10 16 1 11 14 1 12 16 1
3 -3 -2 -3 1 1 1 3 1 2 -3 -1 2 -1 -4 2 1
18 8
0 7 -1 0 8 1 0 9 1 0 13 1 0 14 1 0 15 1 0 16 1 0 17 1 1 8 1 1 9 1 1 11 1 1 12 -1 1 13 1 1 15 1 1 16 1 1 17 1 2 8 1 2 10 1 2 11 1 2 12 1 2 13 1 2 14 1 2 15 1 2 16 1 3 8 1 3 10 1 3 12 1 3 13 1 3 14 1 3 15 1 3 16 1 3 17 1 4 9 1 4 10 1 4 11 1 4 12 1 4 14 1 4 15 1 4 16 1 4 17 1 5 9 1 5 11 1 5 12 1 5 13 1 5 14 1 5 15 1 5 16 1 5 17 1 6 10 1 6 11 1 6 12 1 6 13 1 6 14 1 6 15 1 6 16 1 6 17 1 7 9 1 7 10 1 7 11 1 7 13 1 7 14 1 7 16 1 7 17 1 8 10 1 8 11 1 8 12 1 8 13 1 9 10 1 9 15 1 9 17 1 10 12 1 11 14 1
1 -1 1 -1 -1 -1 1 1 -1 1 1 -1 -1 1 1 1 -1 -1
19 8
0 8 1 0 9 1 0 12 1 0 13 1 0 14 1 0 15 1 0 16 1 0 17 1 1 8 1 1 10 1 1 11 1 1 12 1 1 13 1 1 14 1 1 16 1 1 18 1 2 9 1 2 10 1 2 11 1 2 12 1 2 13 1 2 14 1 2 17 1 2 18 1 3 9 1 3 10 1 3 11 1 3 13 1 3 15 1 3 16 1 3 17 1 3 18 1 4 9 1 4 10 1 4 11 1 4 14 1 4 15 1 4 16 1 4 17 1 4 18 1 5 9 1 5 12 1 5 13 1 5 14 1 5 15 1 5 16 1 5 17 1 5 18 1 6 10 1 6 12 1 6 13 1 6 14 1 6 15 1 6 16 -1 6 17 1 6 18 1 7 11 1 7 12 1 7 13 1 7 14 1 7 15 1 7 16 1 7 17 1 7 18 1 8 10 1 8 11 1 8 12 1 8 13 1 8 14 1 8 15 1 9 11 1 9 12 1 9 16 1 10 15 1 10 17 1 11 18 1
4 -6 2 3 3 3 1 -9 2 3 -7 3 -13 9 9 1 -5 -6 2
20 8
0 9 1 0 10 1 0 12 1 0 14 1 0 16 1 0 17 1 0 18 1 0 19 1 1 9 1 1 10 1 1 14 1 1 15 1 1 16 1 1 17 1 1 18 -1 1 19 1 2 9 1 2 11 1 2 12 1 2 13 1 2 15 1 2 16 1 2 17 1 2 19 1 3 10 1 3 11 1 3 12 1 3 13 1 3 14 1 3 15 1 3 16 1 3 17 1 4 10 1 4 11 1 4 12 1 4 13 1 4 14 1 4 16 1 4 17 1 4 18 1 5 10 1 5 11 1 5 13 1 5 15 1 5 16 1 5 17 1 5 18 1 5 19 1 6 10 1 6 13 1 6 14 1 6 15 1 6 16 1 6 17 1 6 18 1 6 19 1 7 11 1 7 12 1 7 13 1 7 14 1 7 15 1 7 16 1 7 18 1 7 19 1 8 11 1 8 12 1 8 13 1 8 14 1 8 15 1 8 17 1 8 18 1 8 19 1 9 11 1 9 12 1 9 15 1 9 18 1 9 19 1 10 12 1 10 13 1 11 14 1
4 -2 -2 4 -6 4 -5 3 3 -5 -1 -1 2 -1 -1 -2 2 2 -2 3
21 8
0 9 -1 0 10 1 0 11 1 0 13 1 0 15 1 0 16 1 0 19 1 0 20 1 1 10 1 1 11 -1 1 12 1 1 15 1 1 17 1 1 18 1 1 19 1 1 20 1 2 10 1 2 12 1 2 13 1 2 14 1 2 16 1 2 17 1 2 18 1 2 19 1 3 10 1 3 12 1 3 13 1 3 14 1 3 16 1 3 17 1 3 19 1 3 20 1 4 11 1 4 12 1 4 13 1 4 14 1 4 15 1 4 16 1 4 17 1 4 18 1 5 11 1 5 12 1 5 13 1 5 15 1 5 17 1 5 18 1 5 19 1 5 20 1 6 11 1 6 12 1 6 14 1 6 15 1 6 16 1 6 18 1 6 19 1 6 20 1 7 11 1 7 12 1 7 14 1 7 16 1 7 17 1 7 18 1 7 19 1 7 20 1 8 11 1 8 13 1 8 14 1 8 15 1 8 16 1 8 17 1 8 18 1 8 20 1 9 13 1 9 14 1 9 15 1 9 16 1 9 17 1 9 18 1 9 19 1 10 12 1 10 13 1 10 14 1 10 15 1 11 20 1
9 -1 -1 -13 3 -3 -13 19 -7 3 9 9 -9 -9 15 9 -15 9 -9 9 -9
22 8
0 10 -1 0 11 1 0 12 1 0 13 1 0 14 1 0 15 1 0 16 1 0 17 1 1 11 1 1 12 1 1 13 1 1 14 1 1 15 1 1 17 1 1 18 1 1 19 1 2 11 1 2 12 1 2 13 1 2 15 1 2 16 1 2 17 1 2 19 1 2 20 1 3 11 1 3 12 1 3 15 1 3 16 1 3 17 1 3 18 1 3 19 1 3 21 1 4 11 1 4 13 1 4 14 1 4 15 1 4 18 1 4 19 1 4 20 1 4 21 1 5 11 1 5 13 1 5 14 1 5 16 1 5 17 1 5 19 1 5 20 1 5 21 1 6 11 1 6 14 1 6 16 1 6 17 1 6 18 1 6 19 1 6 20 1 6 21 1 7 12 1 7 13 1 7 14 1 7 15 1 7 16 1 7 18 1 7 19 1 7 20 1 8 12 1 8 13 1 8 14 -1 8 15 1 8 17 1 8 18 1 8 20 1 8 21 1 9 12 1 9 13 1 9 14 1 9 16 1 9 17 1 9 18 1 9 20 1 9 21 1 10 12 1 10 15 1 10 16 1 10 18 1 10 19 1 10 20 1 10 21 1 11 21 1
1 1 -3 -1 -1 3 -1 -1 1 -1 3 -3 -1 -3 3 5 -1 3 -3 -1 1 1
23 8
0 11 1 0 12 1 0 13 1 0 14 1 0 15 1 0 16 1 0 17 -1 0 18 1 1 11 1 1 12 1 1 13 1 1 14 1 1 15 1 1 16 1 1 17 1 1 18 -1 2 11 1 2 12 1 2 13 1 2 14 1 2 16 1 2 17 1 2 18 1 2 19 1 3 11 1 3 15 1 3 16 1 3 17 1 3 18 1 3 20 1 3 21 1 3 22 1 4 12 1 4 13 1 4 14 1 4 15 1 4 16 1 4 17 1 4 20 1 4 21 1 5 12 1 5 13 1 5 14 1 5 18 1 5 19 1 5 20 1 5 21 1 5 22 1 6 12 1 6 13 1 6 15 1 6 16 1 6 19 1 6 20 1 6 21 1 6 22 1 7 12 1 7 14 1 7 15 1 7 17 1 7 18 1 7 19 1 7 20 1 7 22 1 8 12 1 8 14 1 8 15 1 8 17 1 8 18 1 8 19 1 8 21 1 8 22 1 9 13 1 9 14 1 9 15 1 9 16 1 9 19 1 9 20 1 9 21 1 9 22 1 10 13 1 10 16 1 10 17 1 10 18 1 10 19 1 10 20 1 10 21 1 10 22 1 11 19 1 11 20 1 11 21 1 11 22 1
12 6 -9 -9 3 -9 -9 3 3 -9 15 15 -15 25 -15 25 -35 5 5 15 5 5 -25
24 8
0 1 1 0 2 1 0 3 1 0 4 1 0 5 1 0 6 1 0 7 1 0 8 1 1 2 1 1 3 1 1 4 1 1 5 1 1 6 1 1 7 1 1 8 1 2 3 1 2 4 1 2 5 1 2 6 1 2 7 1 2 8 1 3 4 1 3 5 1 3 6 1 3 7 1 3 8 1 4 5 1 4 6 1 4 7 1 4 8 1 5 6 1 5 9 -1 5 10 1 6 9 1 6 11 1 7 8 1 7 9 1 7 10 1 8 9 1 8 11 1 9 10 1 9 11 1 9 12 1 9 13 -1 10 11 1 10 12 1 10 13 1 10 14 1 10 15 1 11 12 1 11 13 1 11 14 1 11 15 1 12 13 1 12 14 1 12 15 1 12 16 1 12 17 1 13 14 1 13 16 1 13 17 1 13 18 1 14 15 1 14 19 1 14 20 1 14 21 1 15 16 1 15 19 1 15 22 1 15 23 1 16 18 1 16 20 1 16 21 1 16 22 1 16 23 1 17 18 1 17 19 1 17 20 1 17 21 1 17 22 1 17 23 1 18 19 1 18 20 1 18 21 1 18 22 1 18 23 1 19 20 1 19 21 1 19 22 1 19 23 1 20 21 1 20 22 1 20 23 1 21 22 1 21 23 1 22 23 1
1 1 1 1 1 -4 -4 -4 8 -6 -7 5 2 4 -6 9 -11 12 -1 9 -11 -11 4 4
16 9
0 1 1 0 2 1 0 3 -1 0 4 1 0 5 1 0 6 1 0 7 1 0 8 1 0 9 1 1 2 1 1 3 1 1 4 1 1 5 1 1 6 1 1 7 1 1 8 1 1 9 1 2 3 1 2 4 1 2 5 1 2 6 1 2 7 1 2 8 1 2 9 1 3 4 1 3 5 1 3 6 1 3 7 1 3 10 1 3 11 1 4 5 1 4 8 1 4 10 1 4 12 1 4 13 1 5 11 1 5 12 1 5 13 1 5 14 1 6 9 1 6 11 1 6 12 1 6 14 1 6 15 1 7 10 1 7 11 1 7 12 1 7 13 1 7 15 1 8 9 -1 8 10 1 8 13 1 8 14 1 8 15 1 9 11 1 9 13 1 9 14 1 9 15 1 10 11 1 10 12 1 10 13 1 10 14 1 10 15 1 11 12 1 11 14 1 11 15 1 12 13 1 12 14 1 12 15 1 13 14 1 13 15 1 14 15 1
11 -3 -3 -7 -2 3 8 3 3 -16 -2 7 13 -15 -1 -1
18 9
0 1 1 0 2 1 0 3 1 0 4 -1 0 5 1 0 6 1 0 7 1 0 8 1 0 9 1 1 2 1 1 3 1 1 4 1 1 5 1 1 6 1 1 7 1 1 8 1 1 9 -1 2 3 1 2 4 1 2 5 1 2 6 1 2 7 1 2 8 1 2 9 1 3 4 1 3 5 1 3 6 1 3 7 1 3 8 1 3 9 1 4 5 1 4 6 1 4 7 1 4 8 1 4 10 1 5 6 1 5 11 1 5 12 1 5 13 1 6 14 1 6 15 1 6 16 1 7 10 1 7 11 1 7 14 1 7 17 1 8 11 1 8 12 1 8 15 1 8 16 1 9 10 1 9 11 1 9 12 1 9 13 1 9 17 1 10 12 1 10 13 1 10 14 1 10 15 1 10 16 1 10 17 1 11 13 1 11 14 1 11 15 1 11 16 1 11 17 1 12 13 1 12 14 1 12 15 1 12 16 1 12 17 1 13 14 1 13 15 1 13 16 1 13 17 1 14 15 1 14 16 1 14 17 1 15 16 1 15 17 1 16 17 1
14 24 -10 -10 -12 12 -23 9 3 -17 9 -17 27 7 -2 -8 -8 4
20 9
0 1 1 0 2 1 0 3 1 0 4 1 0 5 1 0 6 1 0 7 1 0 8 1 0 9 1 1 2 1 1 3 1 1 4 1 1 5 1 1 6 1 1 7 1 1 8 1 1 9 1 2 3 1 2 4 1 2 5 1 2 6 1 2 7 1 2 8 1 2 9 1 3 4 1 3 5 1 3 6 1 3 7 1 3 8 1 3 9 1 4 5 1 4 6 1 4 7 1 4 8 1 4 9 1 5 6 1 5 7 1 5 8 1 5 10 1 6 10 1 6 11 1 6 12 1 7 11 1 7 13 1 7 14 1 8 12 1 8 13 1 8 15 1 9 11 1 9 14 1 9 15 1 9 16 1 10 12 1 10 14 1 10 15 1 10 16 1 10 17 -1 10 18 1 10 19 1 11 12 1 11 13 1 11 15 1 11 17 1 11 18 1 11 19 1 12 13 1 12 16 1 12 17 1 12 18 1 12 19 1 13 14 1 13 16 1 13 17 1 13 18 1 13 19 1 14 15 1 14 16 1 14 17 1 14 18 1 14 19 1 15 16 1 15 17 1 15 18 1 15 19 1 16 17 1 16 18 1 16 19 1 17 18 1 17 19 1 18 19 1
1 1 1 1 1 -3 2 -2 -4 3 -1 -5 4 2 1 -8 7 1 -1 -1
22 9
0 1 1 0 2 1 0 3 1 0 4 1 0 5 1 0 6 1 0 7 1 0 8 1 0 9 1 1 2 1 1 3 1 1 4 1 1 5 1 1 6 1 1 7 1 1 8 1 1 9 1 2 3 1 2 4 1 2 5 1 2 6 1 2 7 1 2 8 1 2 9 1 3 4 1 3 5 1 3 6 1 3 7 1 3 8 1 3 9 1 4 5 1 4 6 1 4 7 1 4 8 1 4 9 1 5 6 1 5 7 1 5 8 1 5 9 1 6 7 1 6 8 1 6 10 1 7 8 1 7 10 1 8 11 1 9 11 1 9 12 1 9 13 1 10 12 1 10 13 1 10 14 1 10 15 1 10 16 1 10 17 1 10 18 1 11 12 1 11 14 -1 11 15 1 11 16 1 11 19 1 11 20 1 11 21 1 12 13 1 12 14 1 12 15 1 12 17 1 12 19 -1 12 20 1 13 14 1 13 16 1 13 17 1 13 18 1 13 19 1 13 21 1 14 15 1 14 16 1 14 18 1 14 20 1 14 21 1 15 17 1 15 18 1 15 19 1 15 20 1 15 21 1 16 17 1 16 18 1 16 19 1 16 20 1 16 21 1 17 18 1 17 19 1 17 20 1 17 21 1 18 19 1 18 20 1 18 21 1 19 20 1 19 21 1 20 21 1
4 4 4 4 4 4 -3 -3 -23 9 2 -18 -3 -3 -24 29 -36 32 11 18 -9 -9
24 9
0 1 -1 0 2 1 0 3 1 0 4 1 0 5 1 0 6 1 0 7 1 0 8 1 0 9 1 1 2 1 1 3 1 1 4 1 1 5 1 1 6 1 1 7 1 1 8 1 1 9 1 2 3 1 2 4 1 2 5 1 2 6 1 2 7 1 2 8 1 2 9 1 3 4 1 3 5 1 3 6 1 3 10 1 3 11 1 3 12 1 4 5 1 4 6 1 4 10 1 4 11 1 4 13 1 5 14 1 5 15 1 5 16 1 5 17 1 6 18 1 6 19 1 6 20 1 6 21 1 7 8 1 7 10 1 7 14 1 7 15 1 7 18 -1 7 19 1 8 10 1 8 14 1 8 15 1 8 18 1 8 19 1 9 10 1 9 11 1 9 12 1 9 13 1 9 14 1 9 15 1 10 11 1 10 12 1 10 13 1 10 14 1 11 12 1 11 13 1 11 14 1 11 15 1 11 16 1 12 13 1 12 14 1 12 15 1 12 16 1 12 22 1 13 17 1 13 20 1 13 22 1 13 23 1 14 21 1 14 22 1 15 18 1 15 20 1 15 23 1 16 17 1 16 19 1 16 20 1 16 21 1 16 22 1 16 23 1 17 18 1 17 19 1 17 20 1 17 21 1 17 22 1 17 23 1 18 20 1 18 21 1 18 22 1 18 23 1 19 20 1 19 21 1 19 22 1 19 23 -1 20 21 1 20 23 1 21 22 1 21 23 1 22 23 1
2 2 6 7 -6 5 -15 -28 30 3 -10 -10 26 13 -35 6 -4 22 29 28 -22 -46 30 -33
26 9
0 1 1 0 2 1 0 3 1 0 4 -1 0 5 1 0 6 1 0 7 1 0 8 1 0 9 1 1 2 1 1 3 1 1 4 1 1 5 1 1 6 1 1 7 1 1 8 1 1 9 1 2 3 1 2 4 1 2 5 1 2 6 1 2 7 1 2 8 1 2 9 1 3 4 1 3 5 1 3 6 1 3 7 1 3 8 1 3 9 1 4 5 1 4 6 1 4 7 1 4 8 1 4 10 1 5 6 1 5 7 1 5 11 1 5 12 1 6 11 1 6 13 1 6 14 1 7 15 1 7 16 1 7 17 1 8 9 1 8 13 1 8 15 1 8 16 1 9 10 1 9 11 1 9 12 1 9 13 1 10 11 1 10 12 1 10 13 1 10 14 1 10 15 1 10 16 1 10 17 1 11 12 1 11 13 1 11 14 1 11 15 1 11 16 1 12 13 1 12 14 1 12 15 1 12 16 1 12 17 1 13 18 1 13 19 1 13 20 1 14 15 1 14 18 1 14 19 1 14 21 1 14 22 1 15 18 1 15 21 1 15 23 1 16 17 1 16 20 1 16 24 1 16 25 1 17 20 1 17 22 -1 17 23 1 17 24 1 17 25 1 18 19 1 18 21 1 18 22 1 18 23 1 18 24 1 18 25 1 19 20 1 19 21 1 19 22 1 19 23 1 19 24 1 19 25 1 20 21 1 20 22 1 20 23 1 20 24 1 20 25 1 21 22 1 21 23 1 21 24 1 21 25 1 22 23 1 22 24 1 22 25 1 23 24 1 23 25 1 24 25 1
8 -10 -10 -10 -9 -5 24 16 28 -42 -25 12 -21 28 -4 20 25 -9 11 2 11 -6 -17 -11 -6 -6
28 9
0 1 1 0 2 1 0 3 1 0 4 1 0 5 1 0 6 1 0 7 1 0 8 1 0 9 1 1 2 1 1 3 1 1 4 1 1 5 1 1 6 1 1 7 1 1 8 1 1 9 1 2 3 1 2 4 1 2 5 1 2 6 1 2 7 1 2 8 1 2 9 1 3 4 1 3 5 1 3 6 1 3 10 1 3 11 1 3 12 1 4 5 1 4 6 1 4 10 1 4 11 1 4 13 1 5 10 1 5 12 1 5 13 1 5 14 1 6 12 1 6 15 1 6 16 1 6 17 1 7 8 1 7 9 1 7 10 1 7 12 1 7 15 1 7 18 1 8 9 1 8 10 1 8 12 1 8 15 1 8 18 1 9 10 1 9 12 1 9 15 1 9 18 1 10 11 1 10 12 1 10 13 1 11 12 1 11 13 1 11 14 1 11 15 1 11 16 1 11 17 1 12 13 1 13 14 1 13 15 1 13 16 1 13 17 1 14 15 1 14 16 1 14 17 1 14 18 1 14 19 1 14 20 1 15 16 1 15 19 1 16 19 1 16 21 1 16 22 -1 16 23 1 17 19 1 17 20 1 17 24 1 17 25 1 17 26 1 18 21 1 18 22 1 18 23 1 18 24 1 18 27 1 19 20 1 19 21 1 19 25 1 19 26 1 19 27 1 20 22 1 20 23 1 20 24 1 20 25 1 20 26 1 20 27 1 21 22 1 21 23 1 21 24 1 21 25 1 21 26 1 21 27 1 22 23 1 22 24 1 22 25 1 22 26 1 22 27 1 23 24 1 23 25 1 23 26 1 23 27 1 24 25 1 24 26 1 24 27 1 25 26 1 25 27 1 26 27 1
1 1 1 -5 8 -4 -4 1 1 1 3 3 -9 4 -4 3 -1 1 -2 -1 -3 1 1 -1 1 2 2 -1
15 10
0 1 1 0 2 1 0 3 1 0 4 -1 0 5 1 0 6 1 0 7 1 0 8 1 0 9 1 0 10 1 1 2 1 1 3 1 1 4 1 1 5 1 1 6 1 1 7 1 1 8 1 1 9 1 1 11 1 2 3 1 2 4 1 2 5 1 2 6 1 2 7 1 2 8 1 2 10 1 2 12 1 3 4 1 3 5 1 3 6 1 3 7 1 3 9 1 3 11 1 3 13 1 4 5 1 4 6 1 4 7 1 4 10 1 4 13 1 4 14 -1 5 6 1 5 9 1 5 11 1 5 12 1 5 14 1 6 11 1 6 12 1 6 13 1 6 14 1 7 8 1 7 10 1 7 12 1 7 13 1 7 14 1 8 9 1 8 10 1 8 11 1 8 12 1 8 13 1 8 14 1 9 10 1 9 11 1 9 12 1 9 13 1 9 14 1 10 11 1 10 12 1 10 13 1 10 14 1 11 12 1 11 13 1 11 14 1 12 13 1 12 14 1 13 14 1
3 -2 -2 4 -3 -3 4 4 -2 -3 -3 -2 -2 4 3
16 10
0 1 -1 0 2 1 0 3 1 0 4 1 0 5 -1 0 6 1 0 7 1 0 8 1 0 9 1 0 10 1 1 2 1 1 3 1 1 4 1 1 5 1 1 6 1 1 7 1 1 8 1 1 9 1 1 10 1 2 3 1 2 4 1 2 5 1 2 6 1 2 7 1 2 8 1 2 9 1 2 11 1 3 4 1 3 5 1 3 6 1 3 7 1 3 8 1 3 10 1 3 11 1 4 5 1 4 6 1 4 11 1 4 12 1 4 13 1 4 14 1 5 7 1 5 12 1 5 13 1 5 14 1 5 15 1 6 8 1 6 12 1 6 13 1 6 14 1 6 15 1 7 9 1 7 10 1 7 11 1 7 12 1 7 15 1 8 9 1 8 12 1 8 13 1 8 14 1 8 15 1 9 10 1 9 11 1 9 13 1 9 14 1 9 15 1 10 11 1 10 12 1 10 13 1 10 14 1 10 15 1 11 12 1 11 13 1 11 14 1 11 15 1 12 13 1 12 14 1 12 15 1 13 14 1 13 15 1 14 15 1
1 -5 5 -3 -1 3 -1 3 1 1 -7 1 1 -1 -1 3
17 10
0 1 -1 0 2 1 0 3 1 0 4 1 0 5 1 0 6 1 0 7 1 0 8 1 0 9 1 0 10 1 1 2 1 1 3 1 1 4 1 1 5 1 1 6 1 1 7 1 1 8 1 1 9 1 1 10 1 2 3 1 2 4 1 2 5 1 2 6 1 2 7 1 2 8 1 2 9 1 2 10 1 3 4 1 3 5 1 3 6 1 3 7 1 3 8 1 3 9 1 3 11 1 4 5 1 4 6 1 4 7 1 4 10 1 4 12 1 4 13 1 5 8 1 5 12 -1 5 13 1 5 14 1 5 15 1 6 10 1 6 11 1 6 12 1 6 14 1 6 16 1 7 12 1 7 13 1 7 14 1 7 15 1 7 16 1 8 11 1 8 13 1 8 14 1 8 15 1 8 16 1 9 11 1 9 12 1 9 13 1 9 14 1 9 15 1 9 16 1 10 11 1 10 12 1 10 14 1 10 15 1 10 16 1 11 12 1 11 13 1 11 14 1 11 15 1 11 16 1 12 13 1 12 15 1 12 16 1 13 14 1 13 15 1 13 16 1 14 15 1 14 16 1 15 16 1
1 1 3 -2 -3 -1 -2 2 -1 3 2 -3 -1 -3 1 2 1
18 10
0 1 1 0 2 1 0 3 1 0 4 1 0 5 -1 0 6 1 0 7 1 0 8 1 0 9 -1 0 10 1 1 2 1 1 3 1 1 4 1 1 5 1 1 6 1 1 7 1 1 8 1 1 9 1 1 10 1 2 3 1 2 4 1 2 5 1 2 6 1 2 7 1 2 8 1 2 9 1 2 10 1 3 4 1 3 5 1 3 6 1 3 7 1 3 8 1 3 9 1 3 10 1 4 5 1 4 6 1 4 7 1 4 8 1 4 11 1 4 12 1 5 6 1 5 9 1 5 13 1 5 14 1 5 15 1 6 10 1 6 13 1 6 16 1 6 17 1 7 11 1 7 12 1 7 13 1 7 14 1 7 15 1 8 13 1 8 14 1 8 15 1 8 16 1 8 17 1 9 11 1 9 12 1 9 14 1 9 16 1 9 17 1 10 11 1 10 12 1 10 15 1 10 16 1 10 17 1 11 12 1 11 13 1 11 14 1 11 15 1 11 16 1 11 17 1 12 13 1 12 14 1 12 15 1 12 16 1 12 17 1 13 14 1 13 15 1 13 16 1 13 17 1 14 15 1 14 16 1 14 17 1 15 16 1 15 17 1 16 17 1
1 -3 -3 -3 13 -5 7 -4 2 3 -11 4 4 3 -1 -15 4 4
19 10
0 1 1 0 2 1 0 3 1 0 4 1 0 5 1 0 6 1 0 7 1 0 8 1 0 9 1 0 10 1 1 2 1 1 3 1 1 4 1 1 5 1 1 6 1 1 7 1 1 8 1 1 9 1 1 10 1 2 3 1 2 4 1 2 5 1 2 6 1 2 7 1 2 8 1 2 9 1 2 10 1 3 4 1 3 5 1 3 6 1 3 7 1 3 8 1 3 9 1 3 10 1 4 5 -1 4 6 1 4 7 1 4 8 1 4 9 1 4 11 1 5 6 1 5 7 1 5 10 1 5 11 1 5 12 1 6 10 1 6 13 1 6 14 1 6 15 1 7 12 1 7 13 1 7 16 1 7 17 1 8 11 1 8 14 1 8 16 1 8 17 1 8 18 1 9 13 1 9 15 1 9 16 1 9 17 1 9 18 1 10 12 1 10 14 1 10 15 1 10 18 1 11 12 1 11 13 1 11 14 1 11 15 1 11 16 1 11 17 1 11 18 1 12 13 1 12 14 1 12 15 1 12 16 1 12 17 1 12 18 1 13 14 1 13 15 1 13 16 1 13 17 1 13 18 1 14 15 1 14 16 1 14 17 1 14 18 1 15 16 1 15 17 1 15 18 -1 16 17 1 16 18 1 17 18 1
1 1 1 1 -5 3 -6 -4 4 4 1 1 -1 -7 -2 6 3 3 -4
20 10
0 1 1 0 2 1 0 3 1 0 4 1 0 5 -1 0 6 1 0 7 1 0 8 1 0 9 1 0 10 1 1 2 1 1 3 1 1 4 1 1 5 1 1 6 1 1 7 1 1 8 1 1 9 1 1 10 1 2 3 1 2 4 1 2 5 1 2 6 1 2 7 1 2 8 1 2 9 1 2 10 1 3 4 1 3 5 1 3 6 1 3 7 1 3 8 1 3 9 1 3 10 1 4 5 1 4 6 1 4 7 1 4 8 1 4 9 1 4 10 1 5 6 1 5 7 1 5 8 1 5 11 1 5 12 1 6 7 1 6 9 1 6 11 1 6 13 1 7 14 1 7 15 1 7 16 -1 8 11 1 8 13 1 8 17 1 8 18 1 9 12 1 9 14 1 9 15 1 9 19 1 10 13 1 10 16 1 10 17 1 10 18 1 10 19 1 11 12 1 11 14 1 11 15 1 11 16 1 11 17 1 11 18 1 11 19 1 12 13 1 12 14 1 12 15 1 12 16 1 12 17 1 12 18 1 12 19 1 13 14 1 13 15 1 13 16 1 13 17 1 13 18 1 13 19 1 14 15 1 14 16 1 14 17 1 14 18 1 14 19 1 15 16 1 15 17 1 15 18 1 15 19 1 16 17 1 16 18 1 16 19 1 17 18 1 17 19 1 18 19 1
1 -1 -1 -1 -1 -1 7 -1 -1 -1 -1 1 -1 5 -1 -1 1 -1 -1 -1
21 10
0 1 1 0 2 1 0 3 1 0 4 1 0 5 1 0 6 1 0 7 1 0 8 1 0 9 1 0 10 1 1 2 1 1 3 1 1 4 1 1 5 1 1 6 1 1 7 1 1 8 1 1 9 1 1 10 1 2 3 1 2 4 1 2 5 1 2 6 1 2 7 1 2 8 1 2 9 1 2 10 1 3 4 1 3 5 1 3 6 1 3 7 1 3 8 1 3 9 1 3 10 1 4 5 1 4 6 1 4 7 1 4 8 1 4 9 1 4 10 1 5 6 -1 5 7 1 5 8 1 5 9 1 5 11 1 6 7 1 6 8 1 6 10 1 6 12 -1 7 11 1 7 13 1 7 14 1 8 15 1 8 16 1 8 17 1 9 13 1 9 14 1 9 18 1 9 19 1 10 12 1 10 13 1 10 15 1 10 20 1 11 12 1 11 14 1 11 15 1 11 16 1 11 17 1 11 18 1 11 19 1 11 20 1 12 13 1 12 15 1 12 16 1 12 17 1 12 18 1 12 19 1 12 20 1 13 14 1 13 16 1 13 17 1 13 18 1 13 19 1 13 20 1 14 15 1 14 16 1 14 17 1 14 18 1 14 19 1 14 20 1 15 16 1 15 17 1 15 18 1 15 19 1 15 20 1 16 17 1 16 18 1 16 19 1 16 20 1 17 18 1 17 19 1 17 20 1 18 19 1 18 20 1 19 20 1
1 1 1 1 1 -3 5 -9 -11 9 5 11 -7 -24 6 17 -12 -12 8 8 4
22 10
0 1 -1 0 2 1 0 3 1 0 4 1 0 5 1 0 6 1 0 7 1 0 8 1 0 9 1 0 10 1 1 2 1 1 3 1 1 4 1 1 5 1 1 6 1 1 7 1 1 8 1 1 9 1 1 10 1 2 3 1 2 4 1 2 5 1 2 6 1 2 7 1 2 8 1 2 9 -1 2 10 1 3 4 1 3 5 1 3 6 1 3 7 1 3 8 1 3 9 1 3 10 1 4 5 1 4 6 1 4 7 1 4 8 1 4 9 1 4 10 1 5 6 1 5 7 1 5 8 1 5 9 1 5 10 1 6 7 1 6 8 1 6 9 1 6 11 1 7 8 1 7 11 1 7 12 1 8 11 1 8 13 1 9 14 1 9 15 1 9 16 1 10 11 1 10 12 1 10 14 1 10 17 -1 11 13 1 11 15 1 11 18 1 11 19 1 11 20 1 11 21 1 12 13 1 12 14 1 12 16 1 12 17 1 12 18 1 12 19 1 12 20 1 12 21 1 13 15 1 13 16 1 13 17 1 13 18 1 13 19 1 13 20 1 13 21 1 14 15 1 14 16 1 14 17 1 14 18 1 14 19 1 14 20 1 14 21 1 15 16 1 15 17 1 15 18 1 15 19 1 15 20 1 15 21 1 16 17 1 16 18 1 16 19 1 16 20 1 16 21 1 17 18 1 17 19 1 17 20 1 17 21 1 18 19 1 18 20 1 18 21 1 19 20 1 19 21 1 20 21 1
1 1 17 3 3 3 -7 -17 3 -7 3 -7 -17 3 1 11 1 5 1 1 1 1
23 10
0 1 1 0 2 1 0 3 1 0 4 1 0 5 1 0 6 1 0 7 1 0 8 -1 0 9 1 0 10 1 1 2 1 1 3 1 1 4 1 1 5 1 1 6 1 1 7 1 1 8 1 1 9 1 1 10 1 2 3 1 2 4 1 2 5 1 2 6 1 2 7 1 2 8 1 2 9 1 2 10 1 3 4 1 3 5 1 3 6 1 3 7 1 3 8 1 3 9 1 3 10 1 4 5 1 4 6 1 4 7 1 4 8 1 4 9 1 4 10 1 5 6 1 5 7 1 5 11 1 5 12 1 5 13 1 6 8 1 6 11 1 6 12 1 6 14 1 7 11 1 7 15 1 7 16 1 7 17 1 8 13 1 8 18 -1 8 19 1 8 20 1 9 10 1 9 11 1 9 12 1 9 13 1 9 14 1 10 11 1 10 12 1 10 13 1 10 15 1 11 15 1 11 16 1 11 18 1 11 19 1 11 21 1 12 13 1 12 16 1 12 17 1 12 18 1 12 19 1 12 22 1 13 14 1 13 18 1 13 20 1 13 21 1 13 22 1 14 15 1 14 16 1 14 17 1 14 19 1 14 20 1 14 21 1 14 22 1 15 17 1 15 18 1 15 19 1 15 20 1 15 21 1 15 22 1 16 17 1 16 18 1 16 19 1 16 20 1 16 21 1 16 22 1 17 18 1 17 19 1 17 20 1 17 21 1 17 22 1 18 20 1 18 21 1 18 22 1 19 20 1 19 21 1 19 22 1 20 21 1 20 22 1 21 22 1
3 -1 -1 -1 -1 3 12 -7 -2 -12 6 -5 6 -5 -1 17 -18 4 1 3 -2 -5 6
24 10
0 1 1 0 2 1 0 3 1 0 4 1 0 5 1 0 6 1 0 7 1 0 8 1 0 9 1 0 10 1 1 2 1 1 3 1 1 4 1 1 5 1 1 6 1 1 7 1 1 8 1 1 9 1 1 10 1 2 3 1 2 4 1 2 5 1 2 6 1 2 7 1 2 8 1 2 9 1 2 10 1 3 4 1 3 5 1 3 6 1 3 7 1 3 8 1 3 9 1 3 10 1 4 5 1 4 6 1 4 7 1 4 8 1 4 9 1 4 10 1 5 6 1 5 7 1 5 11 1 5 12 1 5 13 1 6 8 1 6 11 1 6 12 1 6 14 1 7 11 1 7 15 1 7 16 1 7 17 1 8 12 1 8 18 1 8 19 1 8 20 1 9 10 1 9 11 1 9 12 1 9 13 1 9 14 1 10 11 1 10 12 1 10 13 1 10 14 1 11 12 1 11 13 1 11 14 1 11 15 1 11 18 1 12 15 1 12 16 1 12 19 1 12 21 1 13 17 1 13 18 1 13 20 1 13 21 1 13 22 -1 13 23 1 14 15 1 14 17 1 14 19 1 14 20 1 14 22 -1 14 23 1 15 16 1 15 19 1 15 20 1 15 21 1 15 22 1 15 23 1 16 17 1 16 18 1 16 19 1 16 20 1 16 21 1 16 22 1 16 23 1 17 18 1 17 19 1 17 20 1 17 21 1 17 22 1 17 23 1 18 19 1 18 20 1 18 21 1 18 22 1 18 23 1 19 21 1 19 22 1 19 23 1 20 21 1 20 22 1 20 23 1 21 22 1 21 23 1 22 23 1
1 1 1 1 1 9 3 -5 -5 -3 -3 -17 7 7 1 1 1 1 -17 1 1 13 -9 7
25 10
0 1 1 0 2 1 0 3 1 0 4 1 0 5 1 0 6 1 0 7 1 0 8 1 0 9 1 0 10 1 1 2 1 1 3 1 1 4 1 1 5 1 1 6 1 1 7 1 1 8 1 1 9 1 1 10 1 2 3 1 2 4 1 2 5 1 2 6 1 2 7 1 2 8 1 2 9 1 2 10 1 3 4 1 3 5 1 3 6 1 3 7 1 3 8 1 3 9 1 3 10 1 4 5 1 4 6 1 4 7 1 4 8 1 4 9 1 4 10 1 5 6 1 5 7 -1 5 11 1 5 12 1 5 13 1 6 8 1 6 11 1 6 12 1 6 14 1 7 11 -1 7 15 1 7 16 1 7 17 1 8 12 1 8 15 1 8 16 1 8 18 1 9 10 1 9 11 1 9 12 1 9 13 1 9 14 1 10 11 1 10 12 1 10 13 1 10 14 1 11 12 1 11 13 1 11 14 1 11 15 1 11 16 1 12 13 1 12 15 1 12 17 1 12 19 1 13 17 1 13 19 1 13 20 1 13 21 1 13 22 1 14 19 1 14 20 1 14 21 1 14 22 1 14 23 1 14 24 1 15 17 1 15 18 1 15 20 1 15 21 1 15 23 1 15 24 1 16 17 1 16 18 1 16 19 1 16 20 1 16 22 1 16 23 1 16 24 1 17 18 1 17 21 1 17 22 1 17 23 1 17 24 1 18 19 1 18 20 1 18 21 1 18 22 1 18 23 1 18 24 1 19 20 1 19 21 1 19 22 1 19 23 1 19 24 1 20 21 1 20 22 1 20 23 1 20 24 1 21 22 1 21 23 1 21 24 1 22 23 1 22 24 1 23 24 1
5 5 5 5 5 23 -35 -23 -9 12 12 23 -38 2 -24 13 12 -4 23 -37 14 -2 -3 8 8
26 10
0 1 -1 0 2 1 0 3 1 0 4 1 0 5 1 0 6 1 0 7 1 0 8 1 0 9 1 0 10 1 1 2 1 1 3 1 1 4 1 1 5 1 1 6 1 1 7 1 1 8 1 1 9 1 1 10 1 2 3 -1 2 4 1 2 5 1 2 6 1 2 7 1 2 8 1 2 9 1 2 10 1 3 4 1 3 5 1 3 6 1 3 7 1 3 8 1 3 9 1 3 10 1 4 5 1 4 6 1 4 7 1 4 8 1 4 9 1 4 10 1 5 6 1 5 7 1 5 11 1 5 12 1 5 13 1 6 8 1 6 11 1 6 12 1 6 14 1 7 11 1 7 15 1 7 16 1 7 17 1 8 12 1 8 15 1 8 16 1 8 18 1 9 10 1 9 11 1 9 12 1 9 13 1 9 14 1 10 11 1 10 12 1 10 13 1 10 14 1 11 12 1 11 13 1 11 14 1 11 15 1 11 16 1 12 13 1 12 14 1 12 15 1 12 18 1 13 15 1 13 16 1 13 19 1 13 20 1 13 21 1 14 17 1 14 19 1 14 20 1 14 21 1 14 22 1 15 16 1 15 22 1 15 23 1 15 24 1 15 25 1 16 17 1 16 19 1 16 23 1 16 24 1 16 25 1 17 18 1 17 20 1 17 21 1 17 22 1 17 23 1 17 24 1 17 25 1 18 19 1 18 20 1 18 21 1 18 22 1 18 23 1 18 24 1 18 25 1 19 20 -1 19 21 1 19 22 1 19 23 1 19 24 1 19 25 1 20 21 1 20 22 1 20 23 1 20 24 1 20 25 1 21 22 1 21 23 1 21 24 1 21 25 1 22 23 1 22 24 1 22 25 1 23 24 1 23 25 1 24 25 1
1 1 1 1 3 5 1 -1 -11 1 1 1 -1 -7 -1 19 -17 -15 -9 -1 -3 -5 21 5 5 5
27 10
0 1 1 0 2 1 0 3 1 0 4 1 0 5 1 0 6 1 0 7 1 0 8 1 0 9 1 0 10 1 1 2 1 1 3 1 1 4 1 1 5 1 1 6 1 1 7 1 1 8 1 1 9 1 1 10 1 2 3 1 2 4 1 2 5 1 2 6 1 2 7 1 2 8 1 2 9 1 2 10 1 3 4 1 3 5 1 3 6 1 3 7 1 3 8 1 3 9 1 3 10 1 4 5 1 4 6 1 4 7 1 4 8 1 4 9 1 4 10 1 5 6 1 5 7 1 5 11 1 5 12 1 5 13 1 6 8 1 6 11 1 6 12 -1 6 14 1 7 11 1 7 15 1 7 16 -1 7 17 1 8 12 1 8 15 1 8 16 1 8 18 1 9 10 1 9 11 1 9 12 1 9 13 1 9 14 1 10 11 1 10 12 1 10 13 1 10 14 1 11 12 1 11 13 1 11 14 1 11 15 1 11 16 1 12 13 1 12 14 1 12 15 1 12 16 1 13 14 1 13 15 1 13 16 1 13 19 1 13 20 1 14 15 1 14 21 1 14 22 1 14 23 1 15 19 1 15 20 1 15 21 1 15 24 1 16 17 1 16 18 1 16 24 1 16 25 1 16 26 1 17 18 1 17 19 1 17 20 1 17 21 1 17 22 1 17 23 1 17 25 1 17 26 1 18 19 1 18 21 1 18 22 1 18 23 1 18 24 1 18 25 1 18 26 1 19 20 1 19 22 1 19 23 1 19 24 1 19 25 1 19 26 1 20 21 1 20 22 1 20 23 1 20 24 1 20 25 1 20 26 1 21 22 1 21 23 1 21 24 1 21 25 1 21 26 1 22 23 1 22 24 1 22 25 1 22 26 1 23 24 1 23 25 1 23 26 1 24 25 1 24 26 1 25 26 1
5 5 5 5 5 39 -19 -2 -44 3 3 12 8 -24 -24 -2 18 -56 -30 -69 12 51 -16 -16 80 26 26
28 10
0 1 1 0 2 1 0 3 1 0 4 1 0 5 1 0 6 1 0 7 1 0 8 1 0 9 -1 0 10 1 1 2 1 1 3 1 1 4 1 1 5 1 1 6 1 1 7 1 1 8 1 1 9 1 1 10 1 2 3 1 2 4 1 2 5 1 2 6 1 2 7 1 2 8 1 2 9 1 2 10 1 3 4 1 3 5 1 3 6 1 3 7 1 3 8 1 3 9 1 3 10 1 4 5 1 4 6 1 4 7 1 4 8 1 4 9 1 4 10 1 5 6 1 5 7 1 5 8 1 5 9 1 5 10 1 6 7 1 6 8 1 6 11 1 6 12 1 7 11 1 7 12 1 7 13 1 8 11 1 8 13 1 8 14 1 9 11 1 9 14 1 9 15 1 9 16 1 10 12 1 10 14 1 10 17 1 10 18 1 11 12 1 11 13 1 11 14 1 11 15 1 11 16 1 11 17 1 12 13 1 12 14 1 12 15 1 12 16 1 12 17 1 12 18 1 13 14 1 13 15 1 13 16 1 13 17 1 13 18 1 13 19 1 14 15 1 14 16 1 14 17 1 14 19 1 15 17 1 15 18 1 15 20 1 15 21 1 15 22 1 16 20 1 16 21 1 16 23 1 16 24 1 16 25 1 17 22 1 17 23 1 17 26 1 17 27 1 18 20 1 18 22 1 18 24 1 18 25 1 18 26 1 18 27 1 19 20 1 19 21 1 19 22 1 19 23 1 19 24 1 19 25 1 19 26 1 19 27 1 20 21 1 20 23 -1 20 24 1 20 25 1 20 26 1 20 27 1 21 22 1 21 23 1 21 24 1 21 25 1 21 26 1 21 27 1 22 23 1 22 24 1 22 25 1 22 26 1 22 27 1 23 24 1 23 25 1 23 26 1 23 27 1 24 25 1 24 26 1 24 27 1 25 26 1 25 27 1 26 27 1
1 -1 -1 -1 -1 -1 5 -11 11 -1 -1 5 -1 -5 -1 -1 3 1 5 -11 -1 -3 1 1 3 3 1 1
29 10
0 1 1 0 2 1 0 3 1 0 4 1 0 5 1 0 6 1 0 7 1 0 8 1 0 9 1 0 10 1 1 2 1 1 3 1 1 4 1 1 5 1 1 6 1 1 7 1 1 8 1 1 9 1 1 10 1 2 3 1 2 4 1 2 5 1 2 6 1 2 7 1 2 8 1 2 9 1 2 10 1 3 4 1 3 5 1 3 6 1 3 7 1 3 8 1 3 9 1 3 10 1 4 5 1 4 6 1 4 7 1 4 8 1 4 9 1 4 10 1 5 6 1 5 7 1 5 8 1 5 9 1 5 10 1 6 7 1 6 8 1 6 11 1 6 12 1 7 11 1 7 12 1 7 13 1 8 11 1 8 13 1 8 14 1 9 11 1 9 14 1 9 15 1 9 16 1 10 12 1 10 14 1 10 17 1 10 18 1 11 12 1 11 13 1 11 14 1 11 15 1 11 16 1 11 17 1 12 13 1 12 14 1 12 15 1 12 16 1 12 17 1 12 18 1 13 14 1 13 15 1 13 16 1 13 17 1 13 18 1 13 19 1 14 15 1 14 16 1 14 17 1 14 18 1 15 16 1 15 17 1 15 19 1 15 20 1 15 21 -1 16 22 1 16 23 1 16 24 1 16 25 1 17 20 1 17 22 1 17 26 1 17 27 1 18 20 1 18 23 1 18 24 1 18 26 1 18 27 1 18 28 1 19 20 1 19 21 1 19 22 1 19 23 1 19 25 1 19 26 1 19 27 1 19 28 1 20 21 1 20 22 1 20 23 1 20 24 1 20 25 1 20 28 1 21 22 1 21 23 1 21 24 1 21 25 1 21 26 1 21 27 1 21 28 1 22 24 1 22 25 1 22 26 1 22 27 1 22 28 1 23 24 1 23 25 1 23 26 1 23 27 1 23 28 1 24 25 1 24 26 1 24 27 1 24 28 1 25 26 1 25 27 1 25 28 1 26 27 1 26 28 1 27 28 1
1 1 1 1 1 1 -13 1 3 -15 19 -16 6 17 6 -11 15 -9 -9 14 -7 11 8 -2 -8 15 -11 -11 -9
30 10
0 1 1 0 2 1 0 3 1 0 4 1 0 5 1 0 6 1 0 7 1 0 8 1 0 9 1 0 10 -1 1 2 1 1 3 1 1 4 1 1 5 1 1 6 1 1 7 1 1 8 1 1 9 1 1 10 1 2 3 1 2 4 1 2 5 1 2 6 1 2 7 1 2 8 1 2 9 1 2 10 1 3 4 1 3 5 1 3 6 1 3 7 1 3 8 1 3 9 1 3 10 1 4 5 1 4 6 1 4 7 1 4 8 1 4 9 1 4 10 1 5 6 1 5 7 1 5 8 1 5 9 1 5 10 1 6 7 1 6 8 1 6 11 1 6 12 1 7 11 1 7 12 1 7 13 1 8 11 1 8 13 1 8 14 1 9 11 1 9 14 1 9 15 1 9 16 1 10 12 1 10 14 1 10 17 1 10 18 1 11 12 1 11 13 1 11 14 1 11 15 1 11 16 1 11 17 1 12 13 1 12 14 1 12 15 1 12 16 1 12 17 1 12 18 1 13 14 1 13 15 1 13 16 1 13 17 1 13 18 1 13 19 1 14 15 1 14 16 1 14 17 1 14 18 1 15 16 1 15 17 1 15 18 1 15 19 1 15 20 1 16 17 1 16 18 1 16 19 1 16 21 1 17 19 1 17 20 1 17 22 1 18 21 1 18 22 1 18 23 1 18 24 1 19 23 1 19 25 1 19 26 1 19 27 1 19 28 1 19 29 1 20 21 1 20 23 1 20 24 1 20 25 1 20 26 1 20 27 1 20 28 1 20 29 1 21 22 1 21 24 1 21 25 1 21 26 1 21 27 1 21 28 1 21 29 1 22 23 1 22 24 1 22 25 1 22 26 1 22 27 1 22 28 1 22 29 1 23 24 1 23 25 1 23 26 1 23 27 1 23 28 1 23 29 1 24 25 1 24 26 1 24 27 1 24 28 1 24 29 1 25 26 1 25 27 1 25 28 1 25 29 1 26 27 1 26 28 1 26 29 1 27 28 1 27 29 1 28 29 1
3 -3 -3 -3 -3 -3 5 1 -19 25 -3 25 5 -23 5 -11 -7 19 -11 -7 -31 -27 47 17 -3 1 1 1 1 1
31 10
0 1 1 0 2 1 0 3 1 0 4 1 0 5 1 0 6 1 0 7 -1 0 8 1 0 9 1 0 10 1 1 2 1 1 3 1 1 4 1 1 5 1 1 6 1 1 7 1 1 8 1 1 9 1 1 10 1 2 3 1 2 4 1 2 5 1 2 6 1 2 7 1 2 8 1 2 9 1 2 10 1 3 4 1 3 5 1 3 6 1 3 7 1 3 8 1 3 9 1 3 10 1 4 5 1 4 6 1 4 7 1 4 8 1 4 9 1 4 10 1 5 6 1 5 7 1 5 8 1 5 9 1 5 10 1 6 7 1 6 8 1 6 11 1 6 12 1 7 11 1 7 12 1 7 13 1 8 11 1 8 13 1 8 14 1 9 11 1 9 14 1 9 15 1 9 16 1 10 12 1 10 14 1 10 17 1 10 18 1 11 12 1 11 13 1 11 14 1 11 15 1 11 16 1 11 17 1 12 13 1 12 14 1 12 15 1 12 16 1 12 17 1 12 18 1 13 14 1 13 15 1 13 16 1 13 17 1 13 18 1 13 19 1 14 15 1 14 16 1 14 17 1 14 18 1 15 16 1 15 17 1 15 18 1 15 19 1 15 20 1 16 17 1 16 18 1 16 19 1 16 20 1 17 19 1 17 21 1 17 22 1 18 21 1 18 23 1 18 24 1 18 25 1 19 20 1 19 23 1 19 26 1 19 27 1 19 28 1 19 29 1 20 22 1 20 23 1 20 24 1 20 25 1 20 26 1 20 27 1 20 30 1 21 22 1 21 23 1 21 24 1 21 25 1 21 26 1 21 28 1 21 29 1 21 30 1 22 23 1 22 24 1 22 26 1 22 27 1 22 28 1 22 29 1 22 30 1 23 25 1 23 27 1 23 28 1 23 29 1 23 30 1 24 25 1 24 26 1 24 27 1 24 28 1 24 29 1 24 30 1 25 26 1 25 27 1 25 28 1 25 29 1 25 30 1 26 27 1 26 28 1 26 29 1 26 30 1 27 28 1 27 29 1 27 30 1 28 29 1 28 30 1 29 30 1
1 -1 -1 -1 -1 -1 2 -1 -3 2 3 3 5 -4 3 -1 -1 -2 -2 -1 -3 -5 -2 1 -2 1 -1 5 3 3 1
16 11
0 1 1 0 2 1 0 3 1 0 4 1 0 5 1 0 6 1 0 7 1 0 8 1 0 9 1 0 10 1 0 11 1 1 2 1 1 3 1 1 4 1 1 5 1 1 6 1 1 7 1 1 8 1 1 9 1 1 10 1 1 11 1 2 3 -1 2 4 1 2 5 1 2 6 1 2 7 1 2 8 1 2 9 1 2 10 1 2 12 1 3 4 1 3 5 1 3 6 1 3 7 1 3 11 1 3 12 1 3 13 1 3 14 1 4 5 1 4 6 1 4 8 1 4 11 1 4 13 1 4 14 1 4 15 1 5 9 1 5 10 1 5 11 1 5 12 1 5 13 1 5 15 1 6 9 1 6 11 1 6 12 1 6 13 1 6 14 1 6 15 -1 7 8 1 7 9 1 7 10 1 7 11 1 7 12 1 7 14 1 7 15 1 8 9 1 8 10 1 8 12 1 8 13 1 8 14 1 8 15 1 9 12 1 9 13 1 9 14 1 9 15 1 10 11 1 10 12 1 10 13 1 10 14 1 10 15 1 11 13 1 11 14 1 11 15 1 12 13 1 12 14 1 12 15 1 13 14 1 13 15 1 14 15 1
1 1 -2 2 1 1 -2 1 1 4 -5 -2 -1 -1 -1 2
18 11
0 1 1 0 2 1 0 3 1 0 4 1 0 5 1 0 6 1 0 7 1 0 8 -1 0 9 1 0 10 1 0 11 1 1 2 1 1 3 1 1 4 1 1 5 1 1 6 1 1 7 1 1 8 1 1 9 1 1 10 1 1 11 1 2 3 1 2 4 1 2 5 1 2 6 1 2 7 1 2 8 1 2 9 1 2 10 1 2 11 1 3 4 1 3 5 1 3 6 1 3 7 1 3 8 1 3 9 1 3 10 1 3 11 1 4 5 1 4 6 1 4 7 1 4 8 1 4 12 1 4 13 1 4 14 1 5 6 1 5 7 1 5 9 1 5 12 1 5 13 1 5 15 1 6 10 1 6 12 1 6 14 -1 6 16 1 6 17 1 7 11 1 7 14 1 7 15 1 7 16 1 7 17 1 8 12 1 8 13 1 8 14 1 8 15 1 8 16 1 8 17 1 9 12 1 9 13 1 9 14 1 9 15 1 9 16 1 9 17 1 10 11 1 10 12 1 10 13 1 10 15 1 10 16 1 10 17 1 11 13 1 11 14 1 11 15 1 11 16 1 11 17 1 12 13 1 12 14 1 12 15 1 12 16 1 12 17 1 13 14 1 13 15 1 13 16 1 13 17 1 14 15 1 14 16 1 14 17 1 15 16 1 15 17 1 16 17 1
3 -1 -1 -1 5 -1 -3 -5 -2 -4 5 4 1 8 2 -2 -4 -4
20 11
0 1 1 0 2 1 0 3 1 0 4 1 0 5 1 0 6 1 0 7 -1 0 8 1 0 9 1 0 10 1 0 11 1 1 2 1 1 3 1 1 4 1 1 5 1 1 6 1 1 7 1 1 8 1 1 9 1 1 10 1 1 11 1 2 3 1 2 4 1 2 5 1 2 6 1 2 7 1 2 8 1 2 9 1 2 10 1 2 11 1 3 4 1 3 5 1 3 6 1 3 7 1 3 8 1 3 9 1 3 10 1 3 11 1 4 5 1 4 6 1 4 7 1 4 8 1 4 9 1 4 10 1 4 11 1 5 6 1 5 7 -1 5 8 1 5 12 1 5 13 1 5 14 1 6 12 1 6 13 1 6 15 1 6 16 1 6 17 1 7 12 1 7 14 1 7 15 1 7 16 1 7 18 1 8 12 1 8 15 1 8 17 1 8 18 1 8 19 1 9 12 1 9 13 1 9 14 1 9 17 1 9 18 1 9 19 1 10 13 1 10 14 1 10 15 1 10 16 1 10 17 1 10 19 1 11 13 1 11 14 1 11 15 1 11 16 1 11 18 1 11 19 1 12 13 -1 12 15 1 12 16 1 12 17 1 12 18 1 12 19 1 13 14 1 13 16 1 13 17 1 13 18 1 13 19 1 14 15 1 14 16 1 14 17 1 14 18 1 14 19 1 15 16 1 15 17 1 15 18 1 15 19 1 16 17 1 16 18 1 16 19 1 17 18 1 17 19 1 18 19 1
15 -1 -1 -1 -1 -23 13 -8 -14 13 -7 14 6 -4 -20 -1 9 2 2 3
22 11
0 1 -1 0 2 1 0 3 1 0 4 1 0 5 1 0 6 1 0 7 1 0 8 1 0 9 1 0 10 1 0 11 1 1 2 1 1 3 1 1 4 1 1 5 1 1 6 1 1 7 1 1 8 1 1 9 1 1 10 1 1 11 1 2 3 1 2 4 1 2 5 1 2 6 1 2 7 1 2 8 1 2 9 1 2 10 1 2 11 1 3 4 1 3 5 1 3 6 1 3 7 1 3 8 1 3 9 1 3 10 1 3 11 1 4 5 1 4 6 1 4 7 1 4 8 1 4 9 1 4 10 1 4 12 1 5 6 1 5 7 1 5 8 1 5 9 1 5 12 1 5 13 1 6 11 1 6 12 1 6 14 1 6 15 1 6 16 1 7 11 1 7 13 1 7 14 1 7 15 1 7 17 1 8 12 1 8 13 1 8 14 1 8 17 1 8 18 1 9 12 1 9 13 1 9 17 1 9 19 1 9 20 1 10 11 1 10 14 1 10 17 1 10 18 1 10 19 1 10 21 1 11 15 1 11 16 1 11 20 1 11 21 1 12 15 -1 12 16 1 12 18 1 12 19 1 12 20 1 12 21 1 13 14 1 13 15 1 13 16 1 13 18 1 13 19 1 13 20 1 13 21 1 14 16 1 14 17 1 14 18 1 14 19 1 14 20 1 14 21 1 15 16 1 15 17 1 15 18 1 15 19 1 15 20 1 15 21 1 16 17 1 16 18 1 16 19 1 16 20 1 16 21 1 17 18 1 17 19 1 17 20 1 17 21 1 18 19 1 18 20 1 18 21 1 19 20 1 19 21 1 20 21 1
3 3 9 9 -20 9 -37 -14 20 -14 9 32 3 38 -25 -9 -14 -49 20 -14 9 32
24 11
0 1 1 0 2 1 0 3 1 0 4 1 0 5 1 0 6 1 0 7 1 0 8 1 0 9 1 0 10 1 0 11 -1 1 2 1 1 3 1 1 4 1 1 5 1 1 6 1 1 7 1 1 8 1 1 9 1 1 10 1 1 11 1 2 3 1 2 4 1 2 5 1 2 6 1 2 7 1 2 8 1 2 9 1 2 10 1 2 11 1 3 4 1 3 5 1 3 6 1 3 7 1 3 8 1 3 9 1 3 10 1 3 11 1 4 5 1 4 6 1 4 7 1 4 8 1 4 9 1 4 10 1 4 11 1 5 6 1 5 7 1 5 8 1 5 9 1 5 10 1 5 12 1 6 7 1 6 8 1 6 9 1 6 13 1 6 14 1 7 10 1 7 15 1 7 16 1 7 17 1 8 10 1 8 15 1 8 16 1 8 18 1 9 10 1 9 15 1 9 19 1 9 20 1 10 13 1 10 21 1 11 13 1 11 14 1 11 17 1 11 18 1 11 22 -1 11 23 1 12 13 1 12 14 1 12 15 1 12 16 1 12 17 1 12 19 1 12 20 1 12 21 1 12 22 1 12 23 1 13 17 1 13 18 1 13 19 1 13 20 1 13 21 1 13 22 1 13 23 1 14 15 1 14 16 1 14 17 1 14 18 1 14 19 1 14 20 1 14 21 1 14 22 1 15 16 1 15 17 1 15 19 1 15 20 1 15 22 1 15 23 1 16 17 1 16 18 1 16 19 1 16 21 1 16 22 1 16 23 1 17 18 1 17 20 1 17 21 1 17 23 1 18 19 1 18 20 1 18 21 1 18 22 1 18 23 1 19 20 1 19 21 1 19 22 1 19 23 1 20 21 1 20 22 1 20 23 1 21 22 1 21 23 1 22 23 1
3 -1 -1 -1 -1 -2 5 2 2 -1 -4 -2 -3 5 -5 2 -2 2 2 -2 2 -5 1 4
26 11
0 1 1 0 2 1 0 3 1 0 4 1 0 5 1 0 6 1 0 7 1 0 8 1 0 9 1 0 10 1 0 11 1 1 2 1 1 3 1 1 4 1 1 5 1 1 6 1 1 7 1 1 8 1 1 9 1 1 10 1 1 11 1 2 3 1 2 4 1 2 5 1 2 6 1 2 7 1 2 8 1 2 9 1 2 10 1 2 11 1 3 4 1 3 5 1 3 6 1 3 7 1 3 8 1 3 9 1 3 10 1 3 11 1 4 5 1 4 6 1 4 7 1 4 8 1 4 9 1 4 10 1 4 11 1 5 6 1 5 7 1 5 8 1 5 9 -1 5 12 1 5 13 1 6 10 1 6 11 1 6 14 1 6 15 1 6 16 1 7 10 1 7 14 1 7 15 1 7 16 1 7 17 1 8 10 1 8 14 1 8 15 1 8 18 1 8 19 1 9 18 1 9 19 1 9 20 1 9 21 -1 9 22 1 10 12 1 10 13 1 10 14 1 11 12 1 11 13 1 11 14 1 11 15 1 11 16 1 12 13 1 12 14 1 12 15 1 12 16 1 12 17 1 12 18 1 12 19 1 12 20 1 13 14 1 13 15 1 13 18 1 13 21 1 13 22 1 13 23 1 13 24 1 14 19 1 14 20 1 14 23 1 14 25 1 15 17 1 15 21 1 15 23 1 15 24 1 15 25 1 16 17 1 16 19 1 16 20 1 16 22 1 16 23 1 16 24 1 16 25 1 17 18 1 17 20 1 17 21 1 17 22 1 17 23 1 17 24 1 17 25 1 18 19 1 18 20 1 18 21 1 18 22 1 18 24 1 18 25 1 19 21 1 19 22 1 19 23 1 19 24 1 19 25 1 20 21 1 20 22 1 20 23 1 20 24 1 20 25 1 21 22 1 21 23 1 21 24 1 21 25 1 22 23 1 22 24 1 22 25 1 23 24 1 23 25 1 24 25 1
1 1 1 1 1 3 13 -14 1 -6 -2 1 -2 -9 6 -5 -8 1 6 -13 20 9 -6 -5 -5 10
28 11
0 1 1 0 2 1 0 3 1 0 4 1 0 5 1 0 6 1 0 7 1 0 8 1 0 9 -1 0 10 1 0 11 1 1 2 1 1 3 1 1 4 1 1 5 1 1 6 1 1 7 1 1 8 1 1 9 1 1 10 1 1 11 1 2 3 1 2 4 1 2 5 1 2 6 1 2 7 1 2 8 1 2 9 1 2 10 1 2 11 1 3 4 1 3 5 1 3 6 1 3 7 1 3 8 1 3 9 1 3 10 1 3 11 1 4 5 1 4 6 1 4 7 1 4 8 1 4 9 1 4 10 1 4 11 1 5 6 1 5 7 1 5 8 1 5 9 1 5 12 1 5 13 1 6 10 1 6 11 1 6 14 1 6 15 1 6 16 1 7 10 1 7 12 1 7 17 1 7 18 1 7 19 1 8 10 1 8 14 1 8 15 1 8 20 1 8 21 1 9 11 1 9 14 1 9 15 1 9 16 1 9 20 1 10 12 1 10 13 1 10 14 1 11 12 1 11 13 1 11 14 1 11 15 1 12 13 1 12 14 1 12 15 1 12 16 1 12 17 1 12 18 1 12 19 1 13 14 1 13 15 1 13 16 1 13 17 1 13 18 1 13 19 1 13 20 1 14 16 1 14 17 1 14 22 1 14 23 1 15 18 1 15 22 1 15 24 1 15 25 1 15 26 1 16 19 1 16 22 1 16 23 1 16 24 1 16 25 1 16 27 1 17 21 1 17 22 1 17 23 1 17 24 1 17 25 1 17 26 1 17 27 1 18 20 1 18 21 1 18 22 1 18 24 1 18 25 1 18 26 1 18 27 1 19 21 1 19 22 1 19 23 1 19 24 1 19 25 1 19 26 1 19 27 1 20 21 1 20 22 1 20 23 1 20 24 1 20 25 1 20 26 1 20 27 1 21 22 1 21 23 1 21 24 1 21 25 1 21 26 1 21 27 1 22 23 1 22 26 1 22 27 1 23 24 1 23 25 1 23 26 1 23 27 1 24 25 1 24 26 1 24 27 1 25 26 1 25 27 1 26 27 1
1 -1 -1 -1 -1 8 -1 -2 6 -1 -7 -1 2 -1 -1 5 -1 1 -6 5 -5 3 2 1 -1 -1 2 -4
30 11
0 1 1 0 2 1 0 3 1 0 4 1 0 5 1 0 6 1 0 7 1 0 8 1 0 9 1 0 10 1 0 11 1 1 2 1 1 3 1 1 4 1 1 5 1 1 6 1 1 7 1 1 8 1 1 9 1 1 10 1 1 11 1 2 3 1 2 4 1 2 5 1 2 6 1 2 7 1 2 8 1 2 9 1 2 10 1 2 11 1 3 4 1 3 5 1 3 6 1 3 7 1 3 8 1 3 9 1 3 10 1 3 11 1 4 5 1 4 6 1 4 7 1 4 8 1 4 9 1 4 10 1 4 11 1 5 6 1 5 7 1 5 8 1 5 9 1 5 12 1 5 13 1 6 10 1 6 11 1 6 14 1 6 15 1 6 16 1 7 10 1 7 12 1 7 17 1 7 18 1 7 19 1 8 10 1 8 14 1 8 15 1 8 16 1 8 20 1 9 13 1 9 21 1 9 22 1 9 23 1 9 24 1 10 12 1 10 13 1 10 14 -1 11 12 1 11 13 1 11 14 1 11 15 1 11 16 1 12 13 1 12 14 1 12 15 1 12 16 1 12 17 1 12 18 1 12 19 1 13 14 1 13 15 1 13 16 1 13 17 1 13 18 1 13 19 1 14 15 1 14 16 1 14 17 -1 14 18 1 14 19 1 15 16 1 15 17 1 15 18 1 15 19 1 15 20 1 16 17 1 16 21 1 16 22 1 16 25 1 17 18 1 17 20 1 17 23 1 17 25 1 17 26 1 18 21 1 18 25 1 18 27 1 18 28 1 18 29 1 19 23 1 19 24 1 19 26 1 19 27 1 19 28 1 19 29 1 20 22 1 20 23 1 20 24 1 20 25 1 20 26 1 20 27 1 20 28 1 20 29 1 21 22 1 21 23 1 21 24 1 21 25 1 21 26 1 21 27 1 21 28 1 21 29 1 22 23 1 22 24 1 22 25 1 22 26 1 22 27 1 22 28 1 22 29 1 23 24 1 23 26 1 23 27 1 23 28 1 23 29 1 24 25 1 24 26 1 24 27 1 24 28 1 24 29 1 25 26 1 25 27 1 25 28 1 25 29 1 26 27 1 26 28 1 26 29 1 27 28 1 27 29 1 28 29 1
1 1 1 1 1 -28 1 -31 -2 14 32 10 -16 29 -14 20 -25 -4 25 -14 10 2 -13 7 -2 -13 -20 9 9 9
32 11
0 1 1 0 2 1 0 3 1 0 4 1 0 5 1 0 6 1 0 7 1 0 8 1 0 9 1 0 10 1 0 11 1 1 2 1 1 3 1 1 4 1 1 5 1 1 6 1 1 7 1 1 8 1 1 9 1 1 10 1 1 11 1 2 3 1 2 4 1 2 5 1 2 6 1 2 7 1 2 8 1 2 9 1 2 10 1 2 11 1 3 4 1 3 5 1 3 6 1 3 7 1 3 8 1 3 9 1 3 10 1 3 11 1 4 5 1 4 6 1 4 7 1 4 8 1 4 9 1 4 10 1 4 11 1 5 6 1 5 7 1 5 8 1 5 9 1 5 12 1 5 13 1 6 10 1 6 11 1 6 14 1 6 15 1 6 16 1 7 10 1 7 12 1 7 17 1 7 18 1 7 19 1 8 10 1 8 14 1 8 15 1 8 16 1 8 20 1 9 12 1 9 17 1 9 18 1 9 21 1 9 22 1 10 12 1 10 13 1 10 14 1 11 12 1 11 13 1 11 14 1 11 15 1 11 16 1 12 13 1 12 14 1 12 15 1 12 16 1 12 17 1 12 18 1 13 14 1 13 15 1 13 16 1 13 17 1 13 18 1 13 19 1 13 20 1 14 15 1 14 16 1 14 17 1 14 18 1 14 19 1 15 16 1 15 17 1 15 18 1 15 19 -1 15 20 1 16 17 1 16 18 1 16 19 1 16 20 1 17 18 1 17 19 1 17 20 1 17 23 1 18 21 1 18 24 1 18 25 1 19 23 1 19 24 1 19 25 1 19 26 -1 19 27 1 20 22 1 20 23 1 20 28 1 20 29 1 20 30 1 20 31 1 21 23 1 21 24 1 21 25 1 21 26 1 21 27 1 21 28 1 21 29 1 21 30 1 21 31 1 22 23 1 22 24 1 22 25 1 22 26 1 22 27 1 22 28 1 22 29 1 22 30 1 22 31 1 23 26 1 23 27 1 23 28 1 23 29 1 23 30 1 23 31 1 24 25 1 24 26 1 24 27 1 24 28 1 24 29 1 24 30 1 24 31 1 25 26 1 25 27 1 25 28 1 25 29 1 25 30 1 25 31 1 26 27 1 26 28 1 26 29 1 26 30 1 26 31 1 27 28 1 27 29 1 27 30 1 27 31 1 28 29 1 28 30 1 28 31 1 29 30 1 29 31 1 30 31 1
1 1 1 1 1 -4 1 8 -4 -5 -3 3 -2 -3 -5 3 1 2 3 -1 3 -3 -1 -2 2 2 -1 -3 1 1 1 1
34 11
0 1 1 0 2 1 0 3 1 0 4 1 0 5 1 0 6 1 0 7 1 0 8 1 0 9 1 0 10 1 0 11 -1 1 2 1 1 3 1 1 4 1 1 5 1 1 6 1 1 7 1 1 8 1 1 9 1 1 10 1 1 11 1 2 3 1 2 4 1 2 5 1 2 6 1 2 7 1 2 8 1 2 9 1 2 10 1 2 11 1 3 4 1 3 5 1 3 6 1 3 7 1 3 8 1 3 9 1 3 10 1 3 11 1 4 5 1 4 6 1 4 7 1 4 8 1 4 9 1 4 10 1 4 11 1 5 6 1 5 7 1 5 8 1 5 9 1 5 12 1 5 13 1 6 10 1 6 11 1 6 14 1 6 15 1 6 16 1 7 10 1 7 12 1 7 17 1 7 18 1 7 19 1 8 10 1 8 14 1 8 15 1 8 16 1 8 20 1 9 12 1 9 17 1 9 18 1 9 20 1 9 21 1 10 12 1 10 13 1 10 14 1 11 12 1 11 13 1 11 14 1 11 15 1 11 16 1 12 13 1 12 14 1 12 15 1 12 16 1 12 17 1 12 18 1 13 14 1 13 15 1 13 16 1 13 17 1 13 18 1 13 19 1 13 20 1 14 15 1 14 16 1 14 17 1 14 18 1 14 19 1 15 16 1 15 17 1 15 18 1 15 19 1 15 20 1 16 17 1 16 18 1 16 19 1 16 20 1 17 18 1 17 19 1 17 20 1 17 21 1 18 19 1 18 20 1 18 22 1 19 20 1 19 21 1 19 23 1 19 24 1 20 25 1 20 26 1 20 27 -1 21 22 1 21 23 1 21 24 1 21 25 1 21 28 1 21 29 1 21 30 1 21 31 1 22 23 1 22 24 1 22 25 1 22 26 1 22 27 1 22 28 1 22 29 1 22 32 1 22 33 1 23 25 1 23 26 1 23 27 1 23 28 1 23 30 1 23 31 1 23 32 1 23 33 1 24 25 1 24 26 1 24 28 1 24 29 1 24 30 1 24 31 1 24 32 1 24 33 1 25 27 1 25 29 1 25 30 1 25 31 1 25 32 1 25 33 1 26 27 1 26 28 1 26 29 1 26 30 1 26 31 1 26 32 1 26 33 1 27 28 1 27 29 1 27 30 1 27 31 1 27 32 1 27 33 1 28 29 1 28 30 1 28 31 1 28 32 1 28 33 1 29 30 1 29 31 1 29 32 1 29 33 1 30 31 1 30 32 1 30 33 1 31 32 1 31 33 1 32 33 1
12 -4 -4 -4 -4 23 20 4 -10 -6 -23 -8 -3 -1 -6 9 9 -2 1 8 -8 -7 -4 -7 8 4 -8 4 -7 4 1 1 4 4
